n =  893
suma =  510496.5
media =  571.664613662
varianza =  2004229.18679
