records:996
sum:10238.4100093
avg:10.2795281217871
std:25.1814992001961
med:15max:300
min:0
